1:2,29,32,47,50,112,151,223,253,260,293,296,318,337,367,541,589,593,653,919,924,1009,1036,1079,1080,1089,1090,1097,1136,1193,1196,1198,1200,1201,1208,1214,1215,1217,1219,1222,1240,1243,1246,1249,1258,1259,1261,1262,1266,1278,1291,1304,1321,1333,1348,1350,1358,1370,1374,1387,1525,1584,1750,1848,1920,1967,1994,1997,2021,2100,2118,2138,2140,2143,2173,2174,2193,2194,2253,2288,2291,2542,2628,2644,2648,2664,2683,2692,2716,2761,2762,2804,2872,2918,2944,2947,2959,2968,3000,3030,3037,3081,3153,3265,3438,3476,3479,3489,3499,3889,3932,3996,3997,4011,4027,4105,4128,4133,4226,4306,4446,4467,4571,4720,4754,4878,4896,4911,4915,4941,4980,4993,5026,5039,5040,5146,5171,5540,5679,5797,5816,5898,5952,5999,6093,6242,6333,6502,6539,6754,6755,6774,6807,6834,6888,7001,7045,7046,7153,7164,7247,7387,7389,7438,7449,7454,7482,7757,8368,8482,8507,8636,8690,8961,31696
2:3,62,70,110,242,260,266,469,480,541,589,908,924,1121,1196,1210,1214,1249,1259,1270,1327,1356,1544,1580,1673,1748,1965,1973,1974,2454,2455,2858,2948,2951,3150,3159,3173,3450,3513,3534,3555,3565,3703,3753,3917,3918,3923,3926,3927,3928,3930,3937,3959:891,1969,1970,1971,1972,1986,2291,2791
3:1,24,32,50,160,175,196,223,260,316,318,329,337,440,442,457,480,490,541,589,593,610,718,780,788,858,904,905,919,924,953,968,1037,1060,1073,1077,1079,1084,1089,1094,1097,1103,1125,1127,1129,1179,1193,1196,1197,1198,1199,1200,1206,1208,1210,1213,1214,1215,1219,1220,1221,1222,1225,1228,1230,1240,1242,1247,1257,1258,1259,1261,1266,1270,1272,1276,1278,1304,1307,1321,1330,1333,1345,1356,1372,1373,1374,1375,1376,1396,1544,1584,1603,1653,1674,1676,1721,1762,1779,1810,1831,1876,1882,1909,1917,1921,2009,2011,2012,2018,2028,2034,2046,2053,2054,2076,2093,2105,2117,2118,2140,2150,2236,2288,2311,2329,2366,2371,2391,2407,2428,2448,2455,2505,2528,2529,2530,2531,2532,2533,2551,2567,2571,2574,2613,2615,2628,2640,2642,2657,2662,2668,2694,2699,2710,2722,2750,2788,2791,2797,2808,2857,2872,2900,2901,2916,2918,2947,2948,2949,2968,2985,3033,3039,3070,3072,3098,3142,5060:173,512,1188,1288,2541,2643,2676,2986
4:6,10,19,165,329,350,356,367,368,370,377,380,420,431,440,454,480,489,519,520,531,548,586,589,594,596,733:32
5:2,11,17,60,62,110,141,150,235,260,282,316,318,350,364,367,368,370,376,377,380,440,454,457,475,480,491,500,508,515,529,531,587,588,589,590,593,594,595,608,631,648,671,708,720,736,780,788,832,1028,1035,1036,1042,1079,1080,1097,1136,1196,1198,1210,1291,1393:104,140,224,1073
6:1,3,7,17,52,62,135,140,141,260,494,628,648,653,708,719,733,743,762,780,788,802:736,1073
7:3,7,11,16,24,151,260,271,316,339,348,351,355,356,357,362,364,377,425,440,480,539,553,587,589,590,597,708,736,750,780,788,852,880,899,908,912,914,920,922,924,928,932,952,1017,1020,1077,1094,1097,1101,1183,1196,1210,1230,1247,1253,1256,1259,1265,1270,1271,1272,1301,1307,1343,1357,1385,1393,1408,1441,1449,1466,1517,1544,1573,1580,1597,1617,1674,1721,1777,1882,1888,1894,1911,1917,1932,1964,2011,2012,2013,2018,2028,2054,2067,2080,2081,2108,2112,2125,2146,2243,2297,2311,2316,2333,2346,2363,2367,2384,2390,2396,2403,2405,2407,2424,2427,2463,2469,2529,2535,2546,2558,2598,2628,2633,2640,2641,2642,2654,2664,2671,2683,2694,2701,2716,2722,2723,2752,2762,2858,2861,2881,2908,2916,2942,2950,2959,2987,2993,3037,3039,3062,3074,3086,3108,3118,3156,3179,3185,3194,3235,3244,3334,3341,3354,3363,3408,3417,3448,3469,3479,3501,3510,3512,3524,3526,3527,3578,3671,3684,3699,3701,3753,3793,3826,3827,3844,3864,3911,3926,3932,3959,3977,3978,3987,3988,3994,4018,4019,4023,4041,4062,4155,4186,4270,4306,4308,4310,4317,4339,4349,4361,4368,4503,4545,4626,4638,4643,4700,4736,4799,4867,4874,4896,4963,4993,4994,4995,5009:15,17,105,122,252,276,509,674,806,1095,1206,1391,1409,1513,1682,2195,2266,2385,2468,2478,2498,2657,2734,2770,2968,3004,3032,3033,3081,3103,3175,3176,3199,3219,3528,3593,3717,3754,3798,3824,4370,4464,4603,4639,4661,4848
8:1,3,6,10,21,39,47,48,110,150,153,161,165,168,173,207,208,231,236,253,266,276,277,288,292,296,329,339,344,349,350,353,356,357,364,367,372,377,380,381,434,442,454,457,480,500,508,527,539,550,551,552,553,587,588,589,590,592,593,595,597,610,648,733:19,172,185,316,338,355
9:356,858,1219,1911,1923,1997,2279,2683,2688,2706,2710,2840,2841,2959,3798,3857,3979,3994,4022,4148,4369,4509,4533:2605,2719,2722,3016,3785,3908,3999,4030,4034,4483,4502,4519
10:1,11,25,260,356,527,858,912,969,1094,1136,1196,1198,1204,1208,1210,1221,1222,1230,1240,1242,1247,1250,1304,1387,1721,1960,2028,2058,2194,2384,2529,2657,2797,2944,2948,3062,3107
11:1,19,32,39,110,145,150,153,158,160,165,170,172,173,185,208,231,253,256,260,296,316,318,344,356,364,367,377,380,384,405,410,442,480,500,527,531,541,546,551,586,587,588,589,592,593,595,597,608,610,611,616,648,653,673,736,741,761,780,784,828,880,968,1028,1029,1032,1036,1046,1064,1073,1093,1097,1136,1168,1196,1197,1198,1200,1210,1214,1215,1225,1240,1253,1255,1270,1274,1291,1320,1321,1339,1367,1387,1391,1527,1544,1580,1584,1591,1653,1676,1688,1690,1721,1748,1876,1882,1917,1961,2004,2011,2012,2018,2028,2042,2105,2124,2134,2140,2143,2153,2232,2240,2291,2294,2313,2355,2378,2396,2420,2428,2455,2571,2572,2600,2628,2641,2642,2688,2706,2716,2717,2720,2722,2761,2762,2793,2810,2827,2840,2858,2916,2959,2985,3000,3033,3054,3083,3113,3114,3159,3213,3247,3269,3300,3438,3525,3527,3578,3697,3702,3703,3704,3745,3752,3753,3793,3826,3863,3864,3892,3897,3969,3980,3988,3991,3994,4054,4133,4226,4235,4246,4299,4306,4340,4343,4366,4370,4388,4446,4492,4533,4571,4638,4643,4718,4792,4850,4878,4887,4896,4973,4974,4993,4995,5046,5151,5152,5171,5219,5220,5225,5266,5283,5299,5323,5349,5377,5378,5400,5444,5445,5459,5463,5502,5618,5669,5782,5816,5882,5903,5952,5971,6016,6094,6250,6281,6291,6294,6333,6365,6377,6378,6383,6502,6503,6534,6537,6539,6541,6586,6659,6731,6863,6874,6934,6953,6979,6996,7022,7099,7153,7163,7173,7254,7293,7361,7439,7444,7458,7481,7541,7845,7846,8169,8361,8368,8371,8622,8636,8640,8641,8644,8810,8865,8870,8907,8965,8972,8973,8977,26462,26509,26887,26913,27311,27368,27441,27608,27660,27728,27904,30707,30793,30812,31184,31429,31553,31555,31658,31660,31878,32031,32213,33085,33166,33493,33585,33660,33679,33794,34048,34150,34319,34338,34542,35836,36401,36509,36931,37830,40339,41566,41569,41571,42718,43556,43932,44191,44731,44849,45361,45499,45722,46530,46578,47124,48304,48394,48516,48738,48774,49205,49278,50162,50442,50872,51412,51662,51666,51698,52281,52287,52328,52722,52885,53000,53125,53464,53953,53996,54001,54278,54771,54995,55190,55232,55603,55999,56145,56174,56251,56757,56801,56949,57368,57509,57640,57949,58025,58293,58559,58652,59315,59418,60037,60040,60069,60514,60516,60524,60684,60760,60832,61465,62265,63859,64034,64497,64614,64997,65037,65514,66171,66297,67197,67295,67365,68319,69526,69945,71282,72641:10,65,286,441,519,631,671,858,1077,1169,1213,1432,1862,1977,1982,2023,2107,2123,2683,2990,3396,3535,4006,4015,4052,4105,4232,4262,4868,6264,6283,6287,6548,6624,6711,6795,7345,8578,8800,8861,27338,27793,27865,34334,37380,37386,39446,43419,43928,43936,44189,44225,44828,48943,55282,56003,57223,59014,59376,59615,60161,61248,62956,64508,64999,67799,67867,68263,70227,70305,82095
12:1,3,6,7,17,32,34,36,95,104,110,208,231,260,344,356,364,376,380,480,494,527,585,589,590,595,608,648,653,733,736,780,784,786,788:5
13:1,2,10,11,19,32,39,47,95,110,150,153,160,161,165,173,185,225,231,236,253,266,282,292,296,315,316,317,318,339,344,349,350,356,357,364,367,377,410,420,432,434,435,442,457,474,480,500,508,509,527,539,553,589,590,592,597:34,300,380,588,595
14:1,7,17,34,62,150,252,260,277,314,316,339,356,364,368,440,452,457,468,471,480,497,529,534,552,588,594,595,728,745,780,783,802,838,898,899,902,911,924,927,951,953,954,955,1010,1013,1020,1022,1023,1028,1042,1073,1097,1101,1136,1148,1177,1196,1197,1198,1204,1207,1210,1243,1246,1262,1265,1269,1270,1271,1282,1291,1302,1396,1580,1610,1682,1689,1947,1957,2010,2012,2018,2046,2049,2059,2078,2081,2083,2087,2094,2100,2105,2115,2125,2150,2161,2174,2193,2294,2324,2355,2394,2405,2406,2414,2420,2424,2470,2501,2571,2687,2716,2724,2761,2797,2804,2918,2966,2987,3033,3088,3097,3114,3156,3175,3347,3360,3396,3397,3471,3512,3548,3675,3723,3751,3809,3916,4022,4027,4306,4366,4499,4535,4886,4896,4921,4995,5066,5218,5267,5299,5303,5380,5470,5602,5620,5629,5667,5747,5957,6297,6358,6377,6424,6533,6550,6639,6662,6753,6776,6936,6979,7075,7161,7263,7395,8039,8360,8376,8529,8574,8580,8633,8695,8884,8961,8965,8970,8984,25752,26084,26133,26294,27706,31658,36525,37739,38038,40339,40629,41566,44022,44709,45431,45517,45668,46062,46976,48982,50160,50872,51471,52287,55267,56915,60069,60487:344,500,520,539,551,586,587,910,1228,1441,1721,1954,1962,2009,2054,2559,2628,2791,3269,5309,5349,6863,36401,53464,54004
15:11,17,21,34,36,39,50,141,150,161,231,246,296,300,318,326,329,344,349,356,364,377,380,440,457,474,480,497,500,508,515,527,534,539,586,588,590,592,593,594,595,596,608,780:10,14,153,165,434
16:1,6,39,122,223,356,539,550,587,915,916,934,1060,1126,1136,1197,1265,1307,1380,1500,1580,1753,1923,2100,2144,2245,2248,2262,2372,2396,2406,2470,2716,2791,2867,2889,2918,2924,3101,3210,3461,3477,3548,3608,3760,3773,3868,4066,4085,4089,4321:1257,1285,1394,2407,2747,2759,2858,2997,3536
17:6,110,377,457,480,648,1233,1270,1580,1608,1610,1876,2002,2028,2353,2683,3082,3101,3256,3578,3753,3755,3996,4019,4639,4700
18:186,296,318,356,383,527,588,592,593,608,858,912,1201,1206,1209,1211,1221,1230,1247,1252,1283,1305,1417,1641,1784,1952,2085,2289,2571,2739,2762,2858,2997,3083,3426,3507,3812,3967,4041,4280,4306,4428,4967,4973,4993,5225,5299,5477,5608,5613,5878,6016,6197,6291,6711,6942,7034,7234,7323,7361,7456,7767,8254,8645,8981,27803,30749,31410,39183,40815,41527,42197,43376,44204,44555,44694,45950,46976,51084,51174,52375,55052,55820,56788,57792,59018,59118,60482,60950,61075,63062,64701,69122,70293,71033,78637:260,426,480,830,1270,1371,1580,1955,1958,2023,2375,2402,2403,2404,2641,2950,4313,4447,6772,8360,45726,55100,58315,59382,65465
19:1,3,6,7,14,17,25,55,61,62,67,74,76,79,86,88,92,95,100,101,112,135,141,376,494,608,609,628,637,648,656,661,694,707,710,719,724,725,733,736,761,780,785,786,788,802,828,880,1073:32
20:16,111,235,1080,1208,1221,1291,1884,1961,1994,2012,2023,2115,2571,2710,2987,3176,3785,4306,4351,5952,6807:19,370,442,474,1923,2054
21:6,16,32,50,111,223,235,260,262,296,318,319,322,337,364,474,527,541,562,589,593,594,608,760,778,858,912,920,923,924,953,954,968,1022,1036,1060,1079,1089,1097,1179,1193,1196,1197,1201,1203,1206,1207,1210,1213,1214,1215,1218,1219,1222,1228,1245,1250,1252,1259,1262,1263,1266,1270,1276,1277,1282,1285,1288,1291,1297,1387,1393,1394,1411,1449,1458,1500,1617,1639,1641,1673,1704,1921,1945,1952,1960,1961,1997,2005,2018,2020,2085,2118,2159,2160,2288,2318,2329,2395,2425,2542,2563,2664,2728,2761,2762,2795,2797,2819,2858,2866,2912,2915,2916,2918,2948,2952,2987,3019,3098,3114,3147,3159,3160,3169,3267,3347,3361,3363,3386,3424,3476,3505,3508,3679,3681,3703,3706,3718,3739,3753,3760,3897,3972,3996,4002,4016,4034,4092,4105,4210,4224:293,1054,1080,1274,1278,1732,2917,3310,3328,3481,3771
22:1,6,16,47,50,69,95,110,111,165,292,296,303,318,353,358,377,434,457,474,479,494,544,555,587,589,592,593,648,733,1036,1037,1047,1089,1090,1101,1129,1196,1198,1210,1222,1240,1291,1370,1378,1385,1518,1552,1573,1580,1587,1597,1608,1615,1625,1673,1676,1777,1912,1918,1954,2000,2001,2002,2028,2058,2115,2119,2193,2268,2278,2329,2353,2402,2403,2409,2410,2411,2490,2571,2617,2640,2641,2642,2676,2763,2858,2881,2916,2959,2985,3006,3020,3114,3147,3441,3525,3527,3698,3980,3987,3994,3996,3999,4006,4011,4015,4016,4018,4022,4025,4034,4052,4084,4085,4262,4270,4306,4351,4354,4367,4396,4498,4565,4620:288,1408,2412,2643,3052,3100,3955,3979
23:1,25,32,47,50,110,223,232,235,293,296,318,342,347,457,475,493,508,527,535,555,589,593,608,678,720,778,866,1047,1059,1060,1089,1094,1095,1111,1188,1215,1245,1249,1268,1358,1366,1408,1411,1466,1500,1527,1580,1584,1617,1625,1639,1641,1653,1673,1678,1704,1719,1721,1722,1729,1732,1754,1777,1783,1804,1805,1833,1835,1888,1892,1895,1909,1917,1923,2006,2028,2058,2125,2167,2278,2289,2291,2294,2324,2329,2353,2355,2393,2952:70,356,838,1810,2315,2322,2338,2340,2384,2386,2394,2424
24:1,6,7,10,16,18,21,24,25,32,34,36,39,47,50,62,69,73,89,95,104,110,150,151,161,163,165,177,188,216,223,231,246,253,260,266,288,292,296,300,316,317,318,329,339,344,349,350,353,356,357,367,377,380,383,410,423,431,440,441,457,480,500,508,514,529,539,541,553,555,587,588,589,590,593,597,647,648,662,663,733,778,780,785,802,805,832,852,991,1015,1036,1059,1060,1089,1092,1093,1120,1121,1127,1129,1147,1196,1197,1200,1206,1210,1213,1214,1215,1222,1233,1240,1258,1265,1268,1270,1339,1343,1356,1357,1358,1370,1372,1374,1375,1379,1393,1401,1405,1407,1408,1457,1466,1476,1479,1485,1500,1517,1527,1539,1552,1573,1580,1586,1590,1594,1597,1608,1610,1614,1617,1619,1620,1625,1639,1641,1653,1673,1676,1680,1682,1687,1704,1719,1721,1722,1735,1753,1777,1784,1804,1873,1883,1895,1909,1911,1918,1921,1923,1955,1982,2002,2005,2006,2011,2012,2021,2023,2028,2041,2046,2058,2108,2155,2167,2190,2231,2268,2273,2288,2289,2294,2296,2297,2302,2321,2324,2329,2340,2353,2355,2396,2421,2425,2427,2428,2431,2433,2447,2455,2490,2502,2541,2546,2567,2571,2580,2600,2628,2683,2688,2692,2694,2700,2706,2707,2710,2716,2723,2729,2734,2762,2770,2803,2826,2840,2858,2860,2861,2881,2890,2916,2959,2961,2985,3004,3005,3020,3052,3107,3113,3114,3145,3147,3173,3174,3175,3177,3249,3250,3252,3253,3254,3273,3285,3298,3300,3316,3328,3386,3408,3409,3418,3452,3483,3499,3510,3513,3515,3527,3535,3555,3578,3614,3616,3617,3686,3702,3717,3718,3745,3752,3755,3785,3793,3809,3826,3857,3861,3896,3897,3915,3916,3946,3948,3950,3952,3955,3967,3968,3969,3977,3978,3979,3980,3981,3988,3994,3996,3998,3999,4011,4015,4016,4018,4019,4020,4022,4023,4027,4031,4033,4034,4054,4061,4121,4149,4153,4159,4167,4223,4226,4233,4235,4239,4246,4247,4250,4251,4255,4299,4306,4321,4341,4351,4369,4387,4388,4447,4466,4473,4486,4487,4489,4509,4589,4639,4701,4718,4776,4887,4958,4995,5299,5377,5418,5464,5524,5620,5630,5679,5803,5810,5943,6213:5,112,198,295,337,358,368,372,437,450,468,491,524,543,608,724,725,861,1061,1073,1183,1266,1441,1584,1589,1611,1645,1647,1727,1729,1732,1892,1912,2025,2195,2269,2278,2336,2369,2501,2539,2587,2605,2671,2676,2701,2712,2724,2772,2805,2841,2889,2997,3053,3081,3108,3148,3155,3176,3179,3189,3255,3259,3301,3354,3355,3450,3471,3476,3477,3481,3484,3534,3554,3593,3623,3624,3703,3753,3784,3798,3824,3863,3865,3879,3884,3889,3893,3895,3972,3986,4014,4025,4030,4052,4148,4224,4270,4285,4308,4310,4443,4448,4471,4498,4504,4520,4643,4735,4745,5816
25:21,22,31,32,39,47,50,110,111,141,175,223,231,253,261,288,296,318,337,344,356,364,372,428,480,500,527,586,587,589,590,592,593,597,778,858,919,1079,1080,1089,1093,1097,1101,1120,1126,1136,1193,1197,1198,1200,1240,1246,1258,1265,1270,1271,1291,1302,1307,1387,1517,1682,1704,1721,1732,1784,1923,1961,1968,2028,2115,2141,2161,2174,2324,2352,2502,2571,2683,2692,2706,2710,2716,2797,2858,2918,2959,2987,3147,3255,3578,3686,3755,3897,3949,3996,4027,4306,4886,4963,4973,4979,4993,5225,5952,6377,8910,52319,54503,60293,63082:104,367,377,539,585,1036,1214,1580,1727,72226
26:10,19,21,22,39,47,50,110,150,153,161,165,185,208,225,253,266,273,288,292,296,300,316,317,318,329,339,344,349,356,357,364,367,377,380,410,420,426,434,435,440,454,457,480,500,527,532,539,586,587,588,589,590,592,593,595,597:160,173,188,231
27:11,29,47,104,162,231,235,266,368,480,491,539,553,597,778,832,1131,1172,1265,1300,1307,1517,1544,1584,1610,1721,1923,1961,2144,2150,2355,2420,2424,2683,2699,2761,2959,2997,3081,3481,3508,3608,3753,4023,4066,4159,4306,4321,4464,4499,5010,5064,6380,6539,6934,7293,7458,8361,8622,8636,8900,27808,30822:1027,1527,3879,4367,5378,7247
28:161,165,213,231,253,282,292,296,339,356,357,377,410,442,477,500,509,555,588,593,595:150,185,196,266,315,344,367,380,417,480,590
29:2,9,11,15,16,19,20,21,22,23,24,31,32,34,42,44,46,47,50,57,60,70,93,104,110,112,122,132,135,145,147,150,151,153,157,158,159,160,161,164,165,168,170,172,173,179,185,188,191,196,204,208,216,218,224,225,231,233,234,235,237,246,248,249,250,253,255,256,266,267,271,272,273,274,277,280,282,288,292,293,294,296,303,315,316,317,318,329,333,339,340,344,349,351,352,353,355,356,358,362,364,365,367,368,370,374,377,380,382,383,405,410,413,415,416,420,428,431,432,434,435,437,442,455,457,464,466,475,480,481,482,485,491,500,502,509,516,519,520,524,527,529,532,533,537,542,543,546,551,552,553,555,575,585,586,587,588,589,590,592,593,594,595,596,597,610,616,648,653,711,724,733:300,312,328,371,514
30:265,466,596,1061,1240,1376,2018,2238,2324,2985,3147,3527,8810,30707:5,163,168,225,519,555,589,1215,1234,1372,1909,2699,2986,6378,6537,6893,7885
31:1,110,260,364,588,616,1196,1197,1210,1270,2571,3300,3483,3555,3615,3624,3671,3751,3793,3916,4016,4232,4299,4306,4343,4366,4386,4638,4700,4886,4887,4896,4990,4993,5110,5218,5254,5267,5313,5378,5389,5444,5463,5504,5574,5621,5785,5804,5816,5903,5952,6156,6218,6297,6333,6365,6377,6385,6539,6566,6753,6754,6889,6934,7153,7317,7324,7373,8360,8368,8371,8808,8907,8961,8972,8985,32031,33004,33493,33615,33646,33794,34072,34150,34332,36519,37386,38038,40339,40815,41566,42738,44022,44191,45431,45499,45517,45722,46972,47200,47610,48322,49274,49649,50798,50872,51077,51662,52287,52722,53121,53125,53464,53996,54001,54259,54272,54997,55995,56171,56775,56949,57528,57640,58025,58559,58803,59315,59369,59501,59784,60069,60074,60684,61160,65682,68205,68319,68954,69526,69844,70286,71530,72998,73017,73321,74789,76093,76175,77561,78105,78469,79091,79695,81564,81834,82459,82461,83613,84944,85510,86332,86880,87222,87232,87430,88125,88140,88744,89745,91500,91529,95167,98809,102125,106487,106489,106696,112852,118696:527,594,1207,1214,2096,2959,4022,4734,4816,4890,5299,5349,5669,5679,6565,6863,6880,6936,7293,8361,8376,8464,8528,8533,8622,8636,8641,8807,8810,8917,8937,8957,30707,30816,33679,39183,39446,41569,46578,46970,48385,48394,52245,52973,53894,54503,56367,56587,60756,61024,61132,63082,63992,69122,69406,69784,71535,72378,76251,78209,79702,81562,81847,86911,102445,125916
32:6,10,14,16,17,19,25,31,34,36,39,45,47,50,58,110,150,151,153,161,165,170,173,185,225,231,235,247,260,292,296,300,316,318,319,337,342,344,345,350,356,357,368,371,377,380,410,434,442,454,457,468,474,480,497,527,535,588,589,590,592,593,597,608,708,736,745,778,780,786,1047:315,355
33:157,161,293,345,608,1028,1077,1078,1197,1215,1230,1304,1639,2000,2001,2002,2115,2302,2355,2746,2949,3263,3301,3623,3654,3745,3751,3754,3760,3793,3814,3836,3868,3873:370,480,673,1566,1732,3386,3593,3596,3646,3717,3752,3753,3799,3809,3821,3869
34:1,2,7,10,15,17,21,32,34,45,48,60,68,95,104,107,135,141,150,153,158,161,165,172,185,186,203,204,208,224,231,236,237,239,252,261,272,277,289,296,316,317,329,338,339,344,355,356,357,364,367,368,370,376,377,380,410,432,434,435,440,442,457,466,474,480,485,494,500,509,520,531,539,551,553,587,588,589,592,595,597,637,648,688,708,733,736,761,780,786:173,181,590
35:47,50,60,107,110,111,153,208,253,260,293,296,318,356,367,480,500,527,592,593,595,597,778,858,1019,1089,1097,1221,1222,1223,1265,1270,1580,1617,1721,2023,2028,2231,2300,2329,2360,2396,2501,2542,2571,2688,2692,2858,2959,2997,3301,3396,3535,3556,3578,3793,3949,4011,4014,4226,4235,4381,4886,4954,4973,4979,4993,5014,5219,5225,5254,5349,5418,5445,5577,5608,5782,5902,5991,6003,6016,6218,6333,6365,6377,6539,6595,6618,6773,6863,6874,6934,6942,7090,7143,7153,7155,7235,7323,7361,7373,7438,8360,8376,8636,8665,8798,8961,8968,8972,8983,8984,8985,27005,27592,27660,27773,27797,27801,30793,30810,30820,31658,31696,31878,32587,33004,33903,34437,35836,36529,36537,37729,38061,39435,40815,40819,40870,41566,41569,41863,44195,44555,44665,45722,46578,46967,46972,47044,48082,49272,49530,49651,50005,51412,51662,52281,52328,52975,53125,53322,53519,53972,53996,54190,54272,54286,54736,54771,54995,54997,55069,55232,55247,55269,55280,55442,55820,55995,56174,56367,56587,56775,56782,56788:231,344,413,1347,1644,4718,5785,34323,48385,48774
36:145,163,196,1088,1358,1408,1597,2023,2302,2353,2770,58293:485,555,762,1320,1625,1673,2100,2712
37:1057,1183,1407,1416,1422,1446,1479,1485,1584,1586,1597,1608,1617,1620,1641,1661,1673:1593,1632,1676
38:3,7,8,11,36,47,62,135,150,153,155,161,165,195,204,207,222,225,233,237,265,276,277,279,282,289,292,315,317,339,349,350,356,364,368,371,377,378,380,440,450,454,457,458,467,477,480,501,527,540,586,587,589,590,592,597,613,736,786:21,52,141,160,241,252,267,294,296,300,466,500,516,588,593
39:1,6,25,32,36,52,95,260,376,608,648,653,733,736,780,784,786,788,1073:112
40:11,50,111,246,348,352,441,562,1060,1211,1248,1260,1279,1304,1354,1405,1407,1617,1625,1682,1704,1747,1840,1892,1923,1961,2076,2289,2294,2321,2324,2329,2353,2396,2571,2683,2710,2762,2858,2908,2959,3006,3078,3104,3246,3408,3512,3521,3535,3536,3543,3552,3578,3608,3618:223,356,471,592,608,1500,1639,1641,1717,1779,1876,1882,2126,2416,2699,2702,3617,3717
41:58,85,154,446,527,538,593,608,832,898,912,913,923,953,969,986,1084,1097,1101,1213,1225,1230,1231,1234,1247,1265,1270,1272,1292,1293,1302,1357,1537,1580,1672,1721,1914,1931,1948,1949,1957,1962,1964,2352,2585,2770,2797,2858,2863,2917,2929,2969,3098,3100,3255,3296:4,1997,2836
42:31,111,260,296,541,593,745,903,904,908,913,1059,1061,1088,1092,1148,1193,1196,1198,1201,1203,1207,1234,1250,1256,1262,1267,1271,1372,1569,1918,1945,2019,2278,2407,2571,2858,3255,3256,3468,3717,3755,3911,4226,4993,5952,7153,7361,58559:355,910
43:28,150,232,260,261,296,318,356,531,588,595,613,648,780,830,838,919,1197,1198,1278,1287,1291,1293,1680,1704,1721,1722,1923,1962,2125,2359,2396,2571,2572,2881,2918,2959,3079,3082,3578,3623,3793,3996,4014,4246,4306,4308,5013,5380,5418,5816,6218,6333,6377,6539,6711,6874,6942,7155,7361,7438,8943,8970,30749,32587,40629,41571,43560,44191,51834,60069,62293:277,344,367,480,1073,1270,1302,2161,2628,2716,4886,5349,5952,6365,8636
44:260,296,349,595,720,858,904,908,920,953,1035,1136,1172,1197,1198,1201,1208,1259,1961,2115,2401,3421,3678,3764,4246,4534,4790,4993,4995,5246,5464,5816:1387
45:551,908,920,922,926,927,1148,1207,1252,1500,2186,2291,2321,2502,3548,3897,4801,4920,4973,5135,5878,6331,6867,7139,7153,8607,33166,33639,45440,47610:318,353,904,912,923,1035,1230,1653,2054,2302,2640,3475,3977,8228
46:5,11,21,25,32,36,39,45,47,50,52,57,58,62,95,102,111,125,141,144,150,156,157,162,171,176,185,186,194,195,206,208,223,224,232,233,234,235,246,248,253,265,272,275,288,292,296,300,305,312,322,337,339,342,344,345,348,350,351,356,357,367,370,372,378,413,417,420,435,440,442,445,454,457,466,475,480,500,508,514,520,527,529,532,538,539,542,543,587,597,608,708,736,742,778,780,830,833,1043,1054,1366,1580:6,64,65,122,203,225,231,256,282,315,316,333,360,380,433,434,489,627,1425,1459
47:47,88,110,253,292,296,303,318,480,593,608,1073,1136,1197,1210,1265,2301,2858,3186,3396,4002,4306,4993,5952,66130:1,34,208,231,262,344,356,364,367,383,597,733,736,780,1013,1580,1721,2719,2762,2857,3157,3301,3360,3893,4023
48:6,14,17,25,43,47,50,52,62,94,110,111,141,144,151,171,223,230,232,246,247,249,260,265,272,296,307,318,319,326,357,369,373,380,412,417,428,431,452,468,475,497,509,515,527,529,534,535,541,590,593,608,708,720,750,780,800,830,852,858,919,923,924,1035,1073,1077,1079,1080,1089,1090,1094,1097,1103,1136,1150,1161,1172,1183,1193,1196,1197,1198,1199,1200,1206,1208,1210,1211,1213,1214,1221,1224,1225,1233,1240,1246,1250,1259:648
49:50,163,216,296,333,475,527,593,610,785,1093,1129,1198,1203,1213,1339,1358,2019,2302,2541,2571,2858,2985,4226,4310,5618,7502,58559,79132:849
50:32,39,47,150,215,296,308,318,319,356,357,372,497,539,541,551,589,590,593,597,608,910,912,923,924,1080,1094,1097,1136,1183,1193,1206,1208,1246,1259,1270,1279,1282,1354,1387,1391,1407,1527,1584,1635,1721,1884,2019,2081,2145,2174,2291,2571,2692,2762,2843,2858,2959,2976,2997,3147,3148,3578,3863,3949,3996,4022,4235,4306,4886,4973,5618,5878,5952,6104,6539,6711,6874,7147,7153,7361,7365,7438,8638,8784,8983,27266,27721,30707,30810,31658,33166,36276,36529,48043,48394,48516:344,2710
51:19,47,50,70,231,296,318,344,367,592,593,608,784,999,1079,1089,1091,1129,1179,1196,1197,1198,1200,1213,1220,1247,1257,1259,1270,1291,1297,1377,1378,1394,1407,1500,1562,1573,1616,1617,1620,1663,1682,1717,1721,1729,1805,1912,1918,1923,1961,1968,2000,2001,2002,2012,2054,2109,2115,2134,2268,2371,2372,2378,2395,2405,2406,2423,2447,2455,2457,2463,2470,2471,2473,2478,2616,2628,2716,2762,2763,2791,2794,2795:463,1214,1461,2005,2011,2088,2100,2174,2375,2387,2416,2421,2422,2468,2643,2717,2735,2817
52:19,34,110,111,160,253,266,296,356,364,380,410,435,454,457,480,588,590:592,593
53:1,21,29,32,41,50,58,78,100,114,124,149,159,162,175,213,229,230,232,263,272,296,299,309,314,318,326,334,337,342,345,385,446,472,480,488,509,515,527,535,549,562,570,573,583,601,608,678,705,720,722,766,778,800,806,837,850,858,904,912,913,923,924,969,991,994,1041,1050,1058,1077,1084,1094,1095,1096,1097,1114,1124,1131,1132,1150,1172,1175,1179,1183,1185,1187,1189,1192,1193,1198,1203,1207,1208,1217,1219,1221,1225,1227,1228,1233,1234,1244,1245,1247,1251,1256,1263,1271,1272,1273,1276,1279,1280,1296,1299,1300,1305,1333,1354,1358,1366,1394,1406,1415,1446,1480,1486,1511,1533,1537,1542,1545,1580,1584,1594,1611,1617,1635,1641,1649,1650,1660,1682,1694,1695,1701,1711,1719,1734,1747,1784,1788,1810,1834,1846,1860,1871,1904,1913,1914,1945,1952,1953,1955,1957,1961,1962,2009,2065,2067,2069,2076,2132,2243,2272,2323,2324,2352,2357,2391,2396,2400,2439,2481,2489,2682,2716,2732,2734,2858,2929,2931,2938,2943:62,316,471,848,1287,1633,1639,1676,1721,2028,2524,2728
54:1,2,5,6,10,11,18,20,22,32,36,47,50,52,70,89,110,111,125,150,153,160,161,163,165,185,186,196,223,225,235,236,252,260,292,296,303,316,318,329,337,339,348,349,350,356,357,367,368,370,377,379,380,410,435,440,442,454,457,474,479,480,494,527,539,540,541,543,551,552,581,585,586,587,589,590,592,593,597,608,648,695,708,719,733,736,748,750,780,785,786,788,799,800,832,849,858,861,866,968,994,1003,1005,1013,1017,1025,1028,1036,1041,1042,1047,1049,1073,1077,1079,1081,1082,1084,1088,1089,1090,1092,1097,1101,1113,1120,1124,1127,1128,1129,1130,1135,1136,1148,1186,1196,1197,1198,1200,1201,1203,1204,1207,1210,1213,1214,1215,1219,1221,1228,1230,1234,1240,1242,1246,1247,1252,1258,1259,1265,1267,1270,1275,1278,1286,1288,1291,1297,1299,1302,1304,1307,1320,1321,1327,1331,1333,1343,1345,1347,1353,1356,1358,1361,1367,1370,1371,1372,1373,1374,1375,1376,1377,1385,1387,1388,1391,1393,1395,1396,1407,1408,1409,1414,1422,1438,1459,1466,1485,1487,1488,1499,1513,1515,1517,1518,1527,1544,1552,1562,1566,1573,1580,1584,1587,1590,1591,1594,1597,1603,1608,1610,1616,1617,1620,1625,1633,1639,1641,1643,1653,1661,1663,1674,1676,1680,1690,1701,1722,1729,1732,1752,1754,1779,1801,1805,1831,1848,1876,1881,1883,1892,1894,1909,1911,1912,1917,1920,1923,1947,1950,1952,1953,1954,1955,1956,1963,1967,1968,1974,1982,1983,1984,1991,1994,1995,1997,2001,2002,2003,2005,2006,2009,2011,2012,2013,2015,2028,2053,2054,2056,2058,2064,2067,2071,2072,2094,2100,2105,2108,2109,2110,2115,2118,2124,2126,2132,2133,2134,2143,2144,2148,2160,2161,2163,2170,2174,2193,2194,2245,2248,2252,2253,2255,2259,2263,2264,2278,2288,2291,2300,2301,2311,2321,2324,2336,2344,2346,2352,2353,2355,2367,2369,2371,2374,2376,2378,2391,2393,2399,2401,2405,2406,2407,2408,2409,2410,2413,2416,2419,2420,2421,2422,2424,2427,2428,2455,2457,2463,2467,2469,2470,2471,2475,2478,2496,2501,2513,2518,2520,2521,2522,2524,2526,2527,2528,2529,2551,2561,2567,2571,2581,2599,2605,2616,2617,2628,2640,2641,2643,2659,2668,2671,2683,2699,2707,2717,2718,2719,2722,2723,2728,2735,2746,2762,2763,2770,2779,2787,2791,2792,2795,2797,2803,2804,2819,2826,2840,2851,2852,2857,2858,2863,2871,2872,2877,2881,2890,2908,2915,2916,2917,2918,2922,2942,2944,2946,2947,2948,2949,2951,2968,2985,2987,2989,2990,2991,2993,2997,3005,3006,3016,3017,3029,3033,3037,3039,3040,3052,3068,3072,3074,3082,3087,3098,3101,3102,3107,3113,3114,3147,3152,3174,3175,3176,3178,3194,3197,3203,3204,3206,3210,3219,3244,3247,3251,3253,3255,3256,3264,3274,3285,3296,3308,3354,3361,3362,3363,3384,3386,3387,3388,3401,3403,3420,3421,3445,3448,3450,3451,3469,3471,3479,3501,3504,3505,3507,3508,3524,3526,3527,3529,3536,3551,3552,3578,3591,3608,3623,3633,3634,3635,3649,3654,3671,3681,3683,3685,3686,3697,3698,3699,3701,3702,3704,3706,3708,3710,3712,3724,3727,3733,3735,3740,3751,3760,3763,3769,3771,3784,3793,3812,3826,3827,3836,3863,3868,3869,3897,3927,3937,3952,3959,3977,3984,4002,4005,4007,4009,5060:16,17,21,25,34,39,95,122,135,195,204,249,272,288,300,306,344,360,426,517,544,562,612,640,671,798,830,836,838,885,921,924,1091,1173,1179,1272,1292,1401,1405,1427,1479,1541,1556,1569,1598,1614,1626,1627,1683,1694,1702,1717,1719,1777,1784,1841,1845,1888,1957,1959,1970,1975,1996,2021,2026,2034,2088,2119,2149,2153,2173,2243,2279,2379,2382,2383,2385,2390,2396,2411,2412,2439,2449,2450,2458,2468,2537,2568,2642,2688,2694,2701,2706,2724,2794,2802,2889,2950,3041,3108,3129,3148,3198,3301,3438,3481,3489,3638,3877,3884
55:110,260,457,480,858,940,969,1196,1197,1198,1200,1221,1240,1287,1374,1387,1721,1923,1939,1954,2028,2194,2529,2795,2944,2947,2948,2951,3062:203
56:11,16,25,36,39,45,47,50,69,110,125,164,180,215,223,246,266,293,296,318,356,366,380,441,501,527,529,555,593,608,628,648,724,778,799,912,991,1036,1059,1060,1061,1089,1090,1094,1095,1127,1179,1196,1200,1208,1210,1213,1222,1227,1237,1240,1242,1245,1250,1263,1265,1266,1298,1299,1339,1342,1393,1411,1542,1594,1617,1625,1639,1641,1645,1673,1674,1676,1704,1912,1923,1944,2028,2167,2288,2289,2291,2321,2322,2327,2329,2355,2396,2401,2478,2502,2700,2710,2762,2858,2890,2912,2917,2997,3006,3101,3102,3147,3148,3160,3174,3176,3180,3186,3203,3261,3285,3355,3358,3408,3426,3448,3452,3481,3505,3509,3535,3578,3617,3623,3685,3706,3753,3827,3897,3910,3916,3948,3994,3996,4020,4034,4041,4043,4148,4153,4226,4228,4238,4701,4734,5060:161,177,186,322,368,457,497,647,714,1488,1784,2427,2883,2956,2959,3105,3298,3316,3326,3717,3793,3978,4011,4061,4239,4718,4720
57:31,432,480,520,590,733,919,1101,1250,1276,1304,1408,2005,2329,2502,3753,3793,4022,4027,4306,5952,6947,7458:1517
58:1,6,11,16,21,32,34,36,45,47,50,79,89,110,111,151,161,162,163,165,170,172,185,190,194,207,223,224,225,230,231,233,235,246,247,253,265,266,272,273,282,288,292,293,296,300,314,315,316,317,318,322,337,342,348,349,350,353,356,357,361,367,373,376,377,380,382,426,427,428,431,434,440,448,454,455,457,468,474,480,481,500,508,509,512,517,527,531,539,541,543,551,552,553,555,587,589,590,593,608,628,661,678,733,736,745,748,750,785,786,800,802,805,832,852,858,898,903,904,908,913,920,922,923,924,950,953,954,965,968,969,994,1020,1027,1036,1079,1080,1081,1084,1086,1088,1089,1090,1092,1093,1094,1095,1096,1097,1101,1104,1124,1127,1129,1130,1136,1148,1172,1175,1179,1186,1193,1197,1198,1199,1200,1201,1203,1206,1207,1208,1212,1213,1214,1217,1219,1221,1222,1225,1227,1228,1230,1231,1233,1234,1237,1238,1240,1242,1244,1247,1249,1250,1252,1258,1259,1262,1263,1264,1265,1266,1267,1272,1275,1276,1278,1285,1288,1291,1292,1296,1299,1302,1303,1304,1320,1321,1329,1333,1339,1343,1344,1345,1347,1350,1354,1357,1358,1370,1378,1387,1391,1393,1394,1396,1408,1441,1449,1459,1479,1480,1485,1517,1518,1527,1544,1552,1573,1580,1586,1597,1603,1608,1610,1615,1617,1625,1635,1639,1641,1645,1653,1674,1678,1682,1687,1693,1704,1711,1721,1729,1747,1748,1779,1784,1834,1884,1894,1909,1921,1923,1945,1953,1954,1956,1957,1958,1959,1960,1961,1962,1965,1994,1997,2000,2003,2009,2019,2020,2021,2023,2028,2053,2054,2065,2076,2097,2108,2116,2118,2120,2139,2150,2160,2161,2174,2176,2178,2182,2184,2186,2193,2194,2202,2243,2245,2248,2268,2278,2288,2289,2291,2302,2313,2321,2329,2340,2344,2346,2349,2352,2366,2369,2384,2391,2396,2406,2407,2420,2455,2459,2468,2469,2470,2474,2490,2501,2517,2527,2542,2550,2551,2571,2616,2617,2640,2644,2648,2664,2671,2672,2683,2686,2692,2699,2702,2707,2710,2712,2716,2726,2729,2730,2739,2746,2761,2762,2770,2780,2791,2797,2803,2804,2819,2840,2858,2871,2872,2890,2900,2901,2908,2912,2916,2917,2944,2951,2952,2959,2968,2973,2976,2982,2985,2987,2997,3006,3018,3019,3037,3052,3072,3081,3098,3100,3101,3104,3105,3107,3108,3114,3147,3160,3168,3173,3175,3176,3203,3204,3247,3249,3252,3253,3254,3255,3256,3257,3260,3263,3267,3317,3328,3360,3361,3363,3386,3408,3418,3424,3435,3448,3468,3471,3476,3481,3499,3504,3505,3510,3513,3527,3535,3536,3546,3550,3552,3555,3566,3576,3624,3676,3683,3686,3699,3702,3704,3706,3708,3740,3751,3753,3755,3763,3770,3793,3798,3863,3893,3911,3917,3932,3952,3986,3994,3996,4002,4007,4008,4011,4014,4016,4018,4019,4025,4027,4030,4034,4037,4061,4082,4083,4086,4128,4148,4223,4226,4246,4262,4270,4305,4308,4318,4321,4326,4327,4333,4339,4349,4361,4370,4407,4410,4424,4435,4447,4480,4496,4553,4633,4638,4665,4670,4690,4720,4734,4754,4776,4803,4808,4809,4811,4833,4835,4838,4848,4855,4862,4865,4901,4932,4956,4975,4993,5010,5029,5054,5060,5266,5299,5349,5377,5388,5418,5445,5464,5481,5673,5679,5902,5952,5956,6218,6323,6365,6373,6502,6537,6539,6565,6711,6807,6863,6870,6874,6934,7090,7143,7147,7153,7361,7438,8464,8622,8636,8644,8665,8784,8798,8949,30707,32587,33794:208,218,303,485,540,586,780,1194,1271,1342,1407,1882,1883,1917,1968,2122,2421,2701,3005,3113,3438,3489,3534,3752,3810,4022,4084,4085,4299,4310,4425,4436,4571,4629,4744
59:1,50,318,342,356,471,858,1094,1172,1230,1242,1265,1278,1302,1408,1747,2100,2407,3255,3911:333,355,585,2003,2890
60:31,157,296,318,364,441,527,531,593,720,724,745,1073,1136,1148,1193,1197,1198,1201,1207,1243,1285,1345,1367,1967,2009,2085,2150,2324,2858,2959,4312,4643,4896,4993,5816,5829,5952,6016,6955,7153,7256,7324,7361,8368,8645,26760,33358,36517,40815,40870,41566,45722,50912,53125,54001,55247,58559,69844,70102,71282,71462,79132,81834,88125,91500:256,277,585,2273,2694,2871
61:4,31,39,47,141,147,170,231,296,356,364,407,441,480,500,588,593,648,778,1059,1089,1136,1197,1206,1270,1393,1519,1605,1673,1729,1732,1895,1916,1921,2026,2080,2144,2291,2329,2395,2445,2502,2572,2702,2797,2836,2858,2959,3261,3408,3438,3439,3481,3671,3793,3897,3911,3949,4027,4034,4148,4226,4239,4246,4367,4448,4700,4816,4878,4973,4993,5080,5349,5377,5418,5582,5666,5952,6016,6223,6333,6384,6502,6539,6710,6754,6886,6942,7153,7317,7346,7361,7444,7451,7460,8366,8663,8784,8874,8910,27020,27788,27879,33085,33136,33794,34162,35836,39414,39427,40581,40583,40732,40959,41569,41571,43708,43932,44191,44397,45447,45499,45720,45722,46578,46976,47423,47640,48043,48082,48385,48394,48516,48774,50442,51255,52668,52973,53894,54272,54503,55118,55269,55276,55280,55282,55820:44,193,215,256,261,327,339,344,380,457,724,1027,1042,1549,1721,2369,2424,2447,2500,2549,2683,2710,2719,4018,5324,5502,6707,6711,8464,8528,8783,8808,31221,31696,41573,42009,45361,45501,45880,47810,47970,47976,49528,50802,50804,52867,53953
62:170,218,277,318,342,345,608,785,1088,1275,1285,1673,2140,2150,2407,2724,2871,2908,3255,3911,3949,4973,5618,7293,66934,86833,87192
63:41,110,155,356,389,527,750,897,912,920,969,1050,1090,1177,1183,1192,1196,1204,1208,1210,1217,1222,1224,1233,1234,1242,1250,1262,1263,1272,1299,1304,2028,2427,2609,2677,2763,2858,2890,2941,2972,3035,3062,3066,3091,5060:976,2402,2404
64:47,110,150,153,168,185,253,288,292,316,318,329,339,344,349,356,364,367,377,434,454,457,480,500,527,588,589,590,592,595,736:231
65:24,318,356,364,443,480,541,588,1148,1235,1271,1348,1653,1704,1921,2114,2138,2232,2313,2324,2431,2528,2692,2959,2997,3083,3107,3555,3910,4226,4370,4380,4703,4973,5225,5445,5502,5608,5995,7361,8874,27376,27866,33903,40870,41569,44555,46578,48082,48394,53123,55247,58652,59387,60069,60766,63082,64957,70286,71462,72998,76093,79132:1197,1250,1688,1801,2312,2367,2571,2642,2953,3146,3882,7451,44193,44195,54734
66:1,21,34,110,112,223,232,288,322,356,380,434,543,589,590,733,745,1148,1175,1210,1223,1233,1236,1500,1552,1573,1580,1641,1676,1747,1784,1794,1917,1923,2028,2302,2324,2356,2396,2485,2571,2580,2628,2692,2700,2858,2916:329,340,480,736,1916
67:10,25,39,69,110,151,260,357,380,541,590,616,708,733,750,912,914,924,976,1073,1079,1080,1127,1136,1196,1197,1198,1206,1210,1214,1215,1247,1253,1259,1261,1265,1274,1275,1291,1301,1304,1307,1375,1376,1379,1394,1580,1615,1961,2020,2043,2108,2116,2193,2406,2495,2502,2571,2791,2871,2968,2987,3070,5060:2005,2587
68:10,19,34,150,153,158,185,195,208,231,237,248,256,261,276,282,296,300,316,329,333,337,339,344,348,432,435,468,588,590,592,595
69:1,5,6,9,10,11,12,16,18,19,21,22,25,32,44,47,50,62,63,70,81,88,94,95,104,107,110,111,112,122,125,145,147,150,153,160,163,165,168,175,177,180,186,188,196,216,223,231,248,252,253,260,266,288,293,296,306,307,308,316,318,327,332,333,339,342,344,349,353,356,357,364,367,370,372,379,380,383,384,410,417,423,426,427,429,440,441,454,457,464,466,471,474,480,482,485,494,500,519,520,539,540,543,544,550,551,553,555,585,586,587,588,589,590,592,593,595,596,597,608,648,661,662,663,673,694,708,719,724,731,733,735,736,748,762,778,780,784,785,786,788,799,818,829,836,842,849,861,891,953,990,999,1025,1029,1036,1037,1047,1059,1073,1079,1080,1088,1089,1090,1092,1097,1101,1126,1136,1193,1196,1197,1198,1199,1200,1206,1208,1210,1213,1215,1222,1231,1240,1242,1246,1258,1259,1261,1265,1266,1270,1275,1276,1278,1282,1285,1291,1302,1307,1333,1339,1345,1347,1356,1370,1372,1374,1375,1376,1377,1378,1379,1382,1385,1387,1391,1394,1407,1429,1441,1461,1476,1485,1488,1517,1527,1552,4006,5060:15,20,39,45,79,135,172,173,185,203,208,234,235,265,273,303,312,317,330,338,355,368,377,413,419,473,479,533,546,552,606,637,653,688,743,747,839,880,881,1091,1336,1371,1373,1562
70:6,16,70,89,110,111,288,296,318,353,479,480,493,507,527,555,589,593,608,778,806,858,1047,1060,1193,1194,1213,1221,1247,1259,1263,1358,1466,1518,1580,1627,1636,1753,1825,1856,1916,1923,1961,2023,2028,2273,2278,2502,2542,2571,2599,2712,2858,2881,2890,3107,3165,3274,3303,3386,3424,3617,3989,4351,5027,5055:10,165,329,368,377,380,428,494,548,733,736,780,886,1100,1356,1370,1377,1429,1527,1544,1552,1573,1586,1608,1676,1690,1722,1752,1762,1833,1917,1918,2002,2006,2353,2393,2396,2427,2616,2617,2625,2722,2763,2812,2908,2916,2997,3082,3256,3438
71:318,356,1704,1721,2019,2324,2959,3578,4022,4993,4995,5952,5989,7502,48516,49272,54286,58559,79132,89085,92259,104337,104841,104879,104944,106100,106766,106782,106916,106920,107069,107141,109374,109487,109673,110730,111360,111622,111921,112138,112290,112556,116797,117511,117590
72:19,32,34,58,95,110,150,236,253,296,337,356,357,380,500,508,541,590,593,608,919,924,953,1035,1079,1080,1081,1094,1101,1132,1136,1183,1185,1194,1197,1206,1208,1220,1222,1240,1265,1278,1387,1391,1483,1500,1552,1641,1682,1784,1961,1965,1968,2000,2013,2268,2291,2302,2502,2528,2571,2657,2706,2716,2791,2858,2997,3508,3682,3735,3996,4022,4034,4062,4226,4705,4973:420,586,597,788,1721,2136,2163
73:17,34,50,55,110,111,150,246,260,262,296,314,318,457,509,527,529,590,595,608,858,862,902,909,919,920,922,923,924,926,954,1036,1041,1060,1079,1084,1090,1097,1104,1131,1185,1187,1188,1193,1196,1197,1203,1207,1210,1213,1225,1228,1231,1233,1234,1258,1259,1262,1265,1270,1272,1276,1286,1292,1293,1299,1300,1302,1303,1304,1307,1358,1387,1537,1617,1625,1663,1674,1947,1956,1957,1958,1960,1968,2028,2057,2064,2081,2100,2118,2130,2144,2174,2240,2243,2248,2313,2324,2329,2352,2355,2357,2359,2390,2391,2436,2501,2565,2628,2686,2693,2736,2761,2762,2804,2858,2866,2883,2891,2917,2918,2929,2997,3007,3019,3039,3068,3071,3072,3098,3101,3105,3112,3156,3174,3175,3176,3198,3200,3203,3246,3359,3360,3362,3363,3421,3424,3467,3475,3496,3499,3504,3526,3543,3668,3684,3730,3735,3741:329,593,736,778,866,899,921,1198,1199,1244,1356,1371,1372,1373,1374,1375,1376,1394,1721,1962,2076,2289,2393,2716,2739,2966,2996,3361
74:25,36,58,229,260,262,337,608,778,800,858,903,904,910,912,913,930,949,1079,1090,1094,1104,1131,1172,1179,1185,1193,1196,1197,1198,1219,1221,1231,1235,1247,1258,1259,1285,1288,1358,1617,1957,1968,2073,2076,2313,2330,2762,2858,2890,2908,2966,2968,2997,3072,3083,3105,3210,3260,3328,3361,3418,3421,3535:1230,1704,3424
75:3,10,21,39,62,89,150,153,161,165,185,204,252,257,276,280,292,296,316,318,329,349,350,356,377,380,434,454,457,474,480,500,516,544,553,586,589,590,593,648,653,733,736,780,786,788:592
76:47,110,480,541,921,1036,1090,1097,1127,1197,1198,1200,1210,1224,1225,1231,1242,1246,1259,1274,1291,1293,1302,1307,1466,1584,1590,1676,2028,2194,2355,2409,2571,2628,2683,2694,2716,2791,2792,2918,3071,3098,3360,3424,4047:316,692,880,1591
77:32,70,260,410,541,588,596,741,750,912,924,1032,1196,1200,1204,1206,1208,1210,1214,1217,1225,1233,1240,1258,1261,1274,1278,1281,1320,1348,1371,1372,1375,1376,1688,1690,1732,1921,1997,2001,2010,2124,2160,2161,2288,2313,2329,2529,2716,2788,2791,2871,2947,3000,3030,3070,3175,3255,3363,3504,3527,3535,3578,3897,3928,4105,4370,5291,5618,5952,6502,6807,7153,7438,48394,51662,54997,55282,55820:19,44,158,256,333,344,585,1064,1499,1592,1645,2085,2294,2539,2572,5900,6383,8810,27075,35836,56949
78:29,110,170,198,260,316,380,480,508,541,589,653,1073,1097,1127,1129,1196,1199,1206,1210,1250,1259,1262,1291,1374,1375,1527,1552,1580,1676,1727,2087,2161,2193,2291,2455,2628,2822,2858,2872,2916,2968,3241,3578,3753,3793,3984:1035,1249,2005,2135,3160,3253,3357,3751,3959
79:110,497,593,858,912,1097,1270,1307,2747,3320,3408,3831,3967,3996,4011,4019,4144,4628,4741,4896,4973,4993,5051,5246:4308
80:1,3,7,36,62,74,102,140,141,260,376,608,648,708,832,837,1059,1073,1210,1353,1358,1393,1405:719,780
81:356,480,593,780,920,1090,1208,1222,1250,1262,1272,1586,2028,2268,2402,2571,2815,3101,3441,3624,3717,3755,3825
82:1,16,47,50,97,110,111,180,223,318,522,541,586,608,778,832,912,924,953,1147,1203,1208,1213,1222,1230,1246,1393,1394,1466,1542,1552,1573,1617,1687,1704,1732,1784,2010,2058,2194,2291,2329,2334,2427,2542,2762,2959,2962,2966,3052,3114,3147,3178,3246,3424,3538,3555,3578,3744,3949,3967,3994,4011,4027,4034,4226,4251,4262,4306,4724,4734,4848,4979,4993,4995,5010,5250,5349,5418,5464,5669,5679,5810,5952,5989,5995,6016,6337,6373,6502,6618,6711,6863,6870,6874,7153,7156,7318,7325,7438,7502,8360,8622,8636,8665,8781,8798,8874,8917,8961,26614,27684,27790,27801,27831,27846,30707,30749,30793,31878,33162,33166,33660,33794,35347,36276,37733,40583,41569,44191,45728,47610,48385,48394,48516,48738,48774,49530,49822,51255,52952,53000,53123,53883,53921,54272,54286,55052,55069,55071,55442,55805,55820,56339,56367,56607,56782,57669,58191,58306,58559,59141,59684,60069,61236,61240,61323,61705,61729,62374,63062,63082,63859,64034,64614,64620,65261,65596,66509,67997,68194,68954,69481,69640,69784,70286,71156,71282,71579,72011,72395,72733,73017,73101,73344,74683,74787,74795,76251,77800,78499,78637,79132,79224,79463,79677,80463,81164,81562,81591,81817,81845,81932,82461,83132,83613,84116,85354,85774,85881,86190,86332,86781,86833,86898,87192,87222,87232,87306,88235,88744,89085,89118,89305,89580,89753,89759,89864,90866:2431,3005,3821,5134,6593,7376,7458,8361,27359,27821,45431,46972,51662,53121,53953,54503,56587,59037,59615,61132,62849,71379,72641,72998,77866,79293,79702,84880,86880,87430,88140
83:50,163,293,296,337,342,593,608,1197,1198,1258,1285,1288,1358,1380,1449,1732,1917,1968,2248,2329,2406,2762,2858,3499,3911,4027,4226,4993,5952,7153:282,1060,1485,1500,2054,2599
84:1,24,44,150,153,165,174,185,196,208,231,253,288,316,317,325,329,337,344,350,367,380,410,420,432,434,435,440,457,520,553,588,590,592,595,736
85:17,262,596,899,904,911,912,916,919,933,945,950,1022,1025,1028,1029,1042,1080,1086,1104,1136,1197,1207,1224,1234,1243,1262,1280,1283,1293,1588,2078,2080,2081,2085,2087,2116,2248,2622,3034,3097,3159,3578,3984,4025,4406,4701,4993,5952,6331,6787,7153,7215,7669,26614,27815,30749,48780,53123,58559,63082,78499,88125,88810,89745,92259,97921:2144,94959
86:260,318,671,858,1120,1196,1198,1213,1221,1242,1270,1291,1299,1909,2011,2012,2023,2028,2115,2329,2413,2949,2989,2991,3298,3498,3755,33794,48516,49272,54286,58559,59615,60069:158,1760,2407,2770,59315
87:11,21,50,111,141,150,153,161,165,185,225,230,236,252,265,292,300,316,318,337,349,380,457,590,593:19,266,296,315,339,344,432,434,588,592
88:16,32,58,235,293,348,588,784,858,903,908,912,923,924,969,1073,1207,1208,1210,1213,1222,1230,1240,1266,1288,1302,1304,1387,1394,1527,1732,2324,2527,2599,2710,2858,2959,3168,3174,3671,3702,3996,4226,4641,4886,4979,5010,5060,6539,7981,8783:2,7,17,19,21,22,48,110,112,151,153,172,196,208,236,260,315,345,370,420,432,442,494,500,543,586,736,785,802,832,852,953,1080,1089,1090,1101,1127,1246,1275,1307,1370,1374,1375,1377,1517,1544,1552,1584,1617,1641,1674,1676,1704,1721,1784,1917,1923,2001,2006,2054,2302,2617,2628,2683,2797,2985,3044,3105,3210,3247,3254,3257,3285,3418,3438,3448,3452,3526,3534,3552,3623,3635,3639,3686,3697,3703,3755,3793,3809,3826,3868,3999,4002,4034,4105,4121,4128,4270,4306,4370,4447,4718,4963,5218,5459,5669,5872,6537,8798,8865,8866,8874
89:111,318,527,715,858,920,1093,1127,1219,1221,1911,1959,2023,2188,2324,2433,2490,2541,2568,2574,2598,2605,2672,2676,2686,2707,2712,2715,2716,2719,2724,2734,2762,2771,2805,2806,2826,2827,2840,2841,2858,2881,2882,2961,2976,3004,3005,3053,3081,3160,3176,3238,3273,3298,3300,3483,3499,3537,3578,3597,3617,3623,3635,3717,3753,3798,3863,3879,3895,3898,3906,3908,3909,3946,3948,3952,3956,3968,3972,4132,4148,4156,4166,4167,4203,4223,4226,4234,4235,4238,4239,4240,4246,4265,4268,4270,4305,4306,4344,4367,4371,4386,4446:637,2422,2492,2606,2710,2713,2770,2907,3593,3826,3865,4200,4214,4215,4247,4267,4299,4340
90:1,10,34,47,104,110,141,150,153,253,260,296,316,318,329,344,356,364,367,380,480,500,588,589,590,592,593,595,597,608,733,1196,1207,1210,1214,1291,1356,1393,1517,1552,1580,1722,1777,1784,1876,1909,1917,1923,1968,2012,2054,2081,2174,2321,2329,2355,2628,2683,2700,2706,2710,2716,2762,2804,2858,2918,2987,3052,3147,3578,3753,3793,3948,3977,4306,4886,4896,5237,5266,5294,5299,5309,5312,5313,5349,5378,5415,5445,5502,5669,5816,6333,6377,6874,7143,7438,8360,8368,8636,8961,31427,33166,33493,33794,35836,40815,40819,45499,49272:39,216,333,377,1320,1387,1721,2006,2028,2114,2571,2959,3418,3623,5267,5296,5303,5308
91:1,2,3,10,11,21,22,24,32,41,45,47,48,50,62,104,110,141,150,151,153,161,163,165,173,235,253,260,261,266,272,273,292,296,300,316,317,318,329,342,345,349,353,356,357,362,364,368,372,380,432,434,440,442,457,468,474,475,480,497,500,508,520,527,539,543,553,585,586,590,592,593,594,596,597,608,648,653,720,733,736,745,750,778,780,784,799,802,832,858,899,902,904,910,911,914,916,919,953,965,969,971,1022,1025,1028,1029,1032,1035,1073,1079,1080,1090,1094,1097,1103,1127,1129,1136,1147,1148,1172,1183,1188,1193,1196,1197,1198,1200,1206,1207,1208,1210,1213,1214,1219,1220,1221,1222,1223,1224,1225,1226,1240,1242,1246,1247,1250,1257,1258,1262,1265,1266,1267,1269,1270,1275,1276,1278,1282,1285,1291,1292,1298,1302,1304,1307,1339,1343,1350,1356,1357,1358,1370,1377,1378,1380,1387,1393,1396,1405,1408,1485,1517,1527,1580,1584,1608,1610,1616,1617,1619,1625,1641,1653,1674,1676,1682,1721,1729,1748,1777,1784,1907,1909,1912,1913,1920,1927,1953,1960,1961,1967,1968,1997,2005,2006,2011,2012,2018,2019,2028,2046,2054,2078,2083,2087,2100,2106,2115,2116,2117,2138,2139,2140,2150,2167,2193,2194,2232,2278,2291,2294,2300,2302,2321,2324,2329,2336,2353,2355,2393,2395,2396,2406,2407,2413,2414,2427,2454,2455,2467,2470,2476,2490,2502,2529,2542,2565,2571,2572,2599,2617,2628,2640,2641,2657,2671,2683,2692,2700,2701,2706,2710,2716,2762,2770,2788,2791,2797,2857,2858,2863:7,19,145,160,168,172,185,186,196,208,223,231,237,252,256,333,339,344,350,355,367,370,376,377,410,416,420,435,454,466,473,485,587,589,688,708,714,724,786,852,903,924,1047,1059,1088,1089,1101,1120,1228,1263,1274,1320,1321,1391,1407,1466,1544,1552,1573,1645,1673,1690,1704,1722,1732,1747,1760,1876,1917,1923,2000,2001,2003,2023,2105,2161,2174,2382,2420,2421,2424,2450,2580,2699,2712,2763,2890
